[1.         0.91061736 0.93852693 0.9251143  0.53767503 0.91998686
 0.53446862 0.48508769 0.98305641 0.74061769]
[0.34751403 1.         0.93434017 1.0076368  0.56651543 0.9377401
 0.44179419 0.50326892 0.92993509 0.68377692]
[0.93852693 0.93434017 1.         0.94867878 0.53325968 0.95015532
 0.46997586 0.50048697 0.93385426 0.68754406]
[0.30358881 1.0076368  0.94867878 1.         0.57194228 0.9230144
 0.47839104 0.49454913 0.93617814 0.67144066]
[0.53767503 0.56651543 0.53325968 0.57194228 1.         0.55610063
 0.36820982 0.60118937 0.54974369 0.46603307]
[0.35727374 0.9377401  0.95015532 0.9230144  0.55610063 1.
 0.45004996 0.50003341 0.93683529 0.67503974]
[0.30883655 0.2839786  0.30982854 0.47839104 0.36820982 0.45004996
 1.         0.86472769 0.29352943 0.38564092]
[0.2978548  0.50326892 0.50048697 0.49454913 0.60118937 0.50003341
 0.86472769 1.         0.50308723 0.39093522]
[0.3450975  0.92993509 0.93385426 0.93617814 0.54974369 0.93683529
 0.52505563 0.50308723 1.         0.75840154]
[0.30467242 0.68377692 0.68754406 0.67144066 0.46603307 0.67503974
 0.42645353 0.39093522 0.75840154 1.        ]
[1.         0.91765138 0.78788398 0.96626774 0.95303565 0.8120641
 0.9792387  0.88480297 0.74887808 0.8213028 ]
[0.91765138 1.         0.63403435 0.92513689 0.79742709 0.81109892
 0.90980783 0.73140182 0.70189092 0.67093876]
[0.78788398 0.63403435 1.         0.73891569 0.74563945 0.53029101
 0.81590391 0.78135103 0.85359735 0.94661793]
[0.96626774 0.92513689 0.73891569 1.         0.89034678 0.7860727
 0.98742578 0.83823289 0.66745479 0.66506133]
[0.95303565 0.21417831 0.74556004 0.20506726 1.         0.70910467
 0.98247929 0.41218433 0.73821557 0.716372  ]
[0.39730472 0.43502178 0.47429961 0.40764758 0.29075168 1.
 0.3589564  0.28093383 0.38516209 0.39733955]
[0.9792387  0.90980783 0.81590391 0.98742578 0.98247929 0.81213643
 1.         0.91264988 0.70917149 0.77986341]
[0.88480297 0.73140182 0.78135103 0.83823289 0.7974223  0.65785456
 0.91264988 1.         0.60124841 0.68283048]
[0.74887808 0.70189092 0.85359735 0.59917011 0.58001002 0.60473865
 0.70917149 0.60124841 1.         0.95850079]
[0.8213028  0.67093876 0.94661793 0.66506133 0.68398285 0.52910928
 0.77986341 0.68283048 0.95850079 1.        ]
[1.         0.47779752 0.58716232 0.79661517 0.46765762 0.79324837
 0.79571712 0.64531262 0.77830314 0.80342104]
[0.37878158 1.         0.64792835 0.63972408 0.64406659 0.7845371
 0.37240263 0.50305035 0.38406797 0.79236039]
[0.58716232 0.64792835 1.         0.76877689 1.01566199 0.63406086
 0.5651185  0.55801735 0.59874544 0.63967264]
[0.5857044  0.63972408 0.76877689 1.         0.78015294 0.86075142
 0.7840514  0.55752184 0.82404539 0.87315475]
[0.57301019 0.64406659 1.01566199 0.78015294 1.         0.64304853
 0.57344309 0.54478913 0.58160607 0.64889222]
[0.39590531 0.7845371  0.63406086 0.86075142 0.64304853 1.
 0.5938209  0.50961494 0.63139698 1.01551147]
[0.79571712 0.4587382  0.44582476 0.75797967 0.46505775 0.75159524
 1.         0.64181989 1.03105169 0.75973457]
[0.64531262 0.3228241  0.33523105 0.59363307 0.27903192 0.59305766
 0.64181989 1.         0.64992819 0.58769082]
[0.77830314 0.47109792 0.59874544 0.82404539 0.46740533 0.7956023
 1.03105169 0.64992819 1.         0.80401784]
[0.39070256 0.79236039 0.63967264 0.87315475 0.64889222 1.01551147
 0.61222713 0.52357126 0.63642698 1.        ]
[1.         0.38814632 1.00340074 0.37532748 0.75027299 0.41170706
 0.81783802 0.73281366 0.37085582 0.39107329]
[0.5519502  1.         0.51292926 0.29646648 0.44187258 1.01284114
 0.6283652  0.72783259 0.92484932 0.95290526]
[1.00340074 0.37229346 1.         0.36412843 0.79395428 0.40005521
 0.79869724 0.78475441 0.35974825 0.37652221]
[0.51038111 0.89737721 0.47292938 1.         0.53717629 1.04129627
 0.58273531 0.65708446 1.01699823 0.97997664]
[0.37783925 0.41394136 0.79395428 0.41445445 1.         0.434855
 0.34916485 0.66395068 0.40939924 0.41434777]
[0.62898224 1.01284114 0.61377207 1.04129627 0.52083657 1.
 0.70513828 0.6688166  1.06216017 1.06258418]
[0.81783802 0.38009286 0.79869724 0.37799265 0.5516322  0.41981248
 1.         0.89667322 0.37407867 0.39230507]
[0.51482735 0.40629329 0.67855186 0.38798515 0.66395068 0.29744378
 0.42288312 1.         0.38534262 0.41827708]
[0.52838933 0.92484932 0.49017136 1.01699823 0.55406381 1.06216017
 0.59994831 0.67257816 1.         0.99929865]
[0.61553217 0.95290526 0.57733827 0.97997664 0.50918356 1.06258418
 0.69016691 0.71710915 0.99929865 1.        ]
[1.         0.99539949 0.14813695 1.02513148 0.97104079 1.02645949
 1.02645886 0.14324793 1.02515408 1.02514569]
[0.99539949 1.         0.08702607 0.08516446 1.0251486  1.02155455
 1.02192784 0.14842753 0.08416567 0.08670002]
[0.99537865 0.99120808 1.         1.02519217 0.96678846 1.02644432
 1.02646849 0.97154929 1.02513653 1.02518139]
[1.02513148 0.96722175 1.02519217 1.         0.99582395 1.05232196
 1.0523481  0.99602791 0.99995161 0.99999074]
[0.97104079 1.0251486  0.1491211  0.99582395 1.         0.99662382
 0.9970021  0.14312648 0.99577046 0.99553563]
[1.02645949 1.02155455 1.02644432 1.05232196 0.99662382 1.
 0.99998734 0.99685951 1.05233157 1.05229032]
[1.02645886 1.02192784 1.02646849 1.0523481  0.9970021  0.99998734
 1.         0.99722977 1.05233735 1.05231734]
[0.96782852 0.99239695 0.97154929 0.99602791 0.96664678 0.99685951
 0.99722977 1.         0.99598257 0.9962212 ]
[1.02515408 0.96720319 1.02513653 0.99995161 0.99577046 1.05233157
 1.05233735 0.99598257 1.         0.99994877]
[1.02514569 0.96696926 1.02518139 0.99999074 0.99553563 1.05229032
 1.05231734 0.9962212  0.99994877 1.        ]
[1.         0.58815628 0.58960807 0.71684189 0.71460432 0.69069295
 0.75521871 0.60737705 0.74478889 0.78678697]
[0.58815628 1.         0.72271465 0.62298541 0.66973915 0.77198335
 0.74213913 1.01119681 0.73925465 0.69921434]
[0.31045382 0.19506332 1.         0.64513052 0.76459091 0.76449659
 0.85984653 0.21620683 0.85868602 0.29962614]
[0.71684189 0.34063782 0.64513052 1.         0.88785112 0.89851055
 0.3055207  0.17576554 0.30784029 0.35040084]
[0.71460432 0.17414308 0.76459091 0.88785112 1.         0.96040581
 0.90151717 0.18015197 0.9023302  0.35595221]
[0.69069295 0.21451487 0.76449659 0.89851055 0.96040581 1.
 0.8924564  0.22156635 0.89380215 0.30185117]
[0.75521871 0.74213913 0.85984653 0.80073813 0.90151717 0.8924564
 1.         0.26527043 0.99858726 0.71980615]
[0.60737705 1.01119681 0.7285162  0.64178917 0.71586311 0.82163048
 0.75987273 1.         0.75715768 0.70311005]
[0.74478889 0.73925465 0.85868602 0.80198967 0.9023302  0.89380215
 0.99858726 0.27525626 1.         0.71120343]
[0.78678697 0.69921434 0.65836476 0.67663808 0.50189314 0.56846744
 0.71980615 0.70311005 0.71120343 1.        ]
[1.         0.14998232 0.97771773 0.99487241 0.14776711 0.1561712
 0.15340516 1.03976535 1.00103935 0.15004614]
[0.99925973 1.         1.0220109  1.03824285 1.02303569 0.99489941
 1.02215053 1.06921086 1.03870065 0.99104096]
[0.02772382 0.02293375 1.         0.02408292 0.02316157 0.06486319
 0.02234438 0.02582721 0.02412697 0.02284348]
[0.99487241 0.0670339  0.97791766 1.         0.04663716 0.0485016
 1.06471616 1.02030678 0.99398207 1.04165858]
[0.97797929 1.02303569 0.9994172  1.01581823 1.         1.01906556
 1.04571957 1.04625498 1.01617797 1.01800524]
[1.00014851 0.99489941 1.0252678  1.03963932 1.01906556 1.
 1.01703631 1.07077978 1.03961591 0.99215896]
[1.01339427 1.02215053 1.04915516 1.06471616 1.04571957 1.01703631
 1.         1.09300546 1.06517695 1.01598181]
[1.03976535 1.06921086 1.00257391 1.02030678 1.04625498 1.07077978
 1.09300546 1.         1.02541216 1.0746445 ]
[1.00103935 0.0670089  0.97767116 0.99398207 0.0466219  0.04847984
 1.06517695 1.02541216 1.         1.04800072]
[0.99700531 0.05956532 1.02632045 1.04165858 1.01800524 0.04230342
 1.01598181 1.0746445  1.04800072 1.        ]
[1.         0.94328463 0.80201789 0.9745083  0.36313162 0.96231912
 0.97988125 1.06096209 0.86060381 0.99875037]
[0.22717642 1.         0.64765544 0.20872198 0.35774086 0.85344512
 0.87332924 0.99129583 0.27092054 0.18740106]
[0.80201789 0.64765544 1.         0.81733493 0.70998682 0.85243401
 0.83900408 0.80336288 0.84032371 0.79517449]
[0.9745083  0.90055253 0.81733493 1.         0.59090823 0.92067987
 0.94578474 1.04402236 0.89088776 0.97197505]
[0.59793358 0.54494039 0.70998682 0.59090823 1.         0.55906575
 0.56183077 0.714495   0.63736617 0.68477891]
[0.96231912 0.85344512 0.85243401 0.40757839 0.55906575 1.
 1.01470821 0.98505728 0.50272684 0.35816353]
[0.97988125 0.87332924 0.83900408 0.94578474 0.56183077 1.01470821
 1.         0.96609733 0.80843032 0.97030887]
[1.06096209 0.99129583 0.80336288 1.04402236 0.714495   0.98505728
 0.96609733 1.         0.88396089 1.05763332]
[0.86060381 0.7236611  0.84032371 0.89088776 0.63736617 0.77916555
 0.80843032 0.88396089 1.         0.86331824]
[0.99875037 0.91192144 0.79517449 0.97197505 0.68477891 0.9374654
 0.97030887 1.05763332 0.86331824 1.        ]
[1.         0.56347254 0.40392143 0.61499615 0.56332441 0.60993102
 0.38047669 0.92084476 0.51676109 0.47070924]
[0.56347254 1.         0.3881678  0.91973399 0.99865378 0.93535114
 0.81621425 0.44441035 0.50897779 0.91994543]
[0.34961036 0.3881678  1.         0.35807257 0.38683046 0.33023024
 0.475377   0.28879318 0.5088234  0.35685157]
[0.61499615 0.91973399 0.33713699 1.         0.91990948 0.9904127
 0.73991267 0.59073003 0.64731117 0.90977418]
[0.56332441 0.99865378 0.38683046 0.91990948 1.         0.93673127
 0.81625299 0.44445433 0.50927802 0.92016739]
[0.60993102 0.93535114 0.27927433 0.9904127  0.93673127 1.
 0.71364976 0.58432592 0.58675574 0.92324573]
[0.42790647 0.81621425 0.475377   0.73991267 0.81625299 0.71364976
 1.         0.45740329 0.51352681 0.73419529]
[0.92084476 0.34708712 0.28879318 0.31425914 0.3275092  0.30638307
 0.3089407  1.         0.19231159 0.35185014]
[0.51676109 0.50897779 0.5088234  0.64731117 0.50927802 0.58675574
 0.51352681 0.58365601 1.         0.600357  ]
[0.47070924 0.91994543 0.33697862 0.90977418 0.92016739 0.92324573
 0.73419529 0.53822062 0.600357   1.        ]
[1.         1.02476714 1.04619013 0.9994592  1.02114395 0.17009958
 0.31642915 1.00089604 0.9785049  1.02425947]
[1.02476714 1.         1.07257686 1.0246711  1.04689999 0.17779258
 0.32724599 1.02588978 0.16716029 0.17240817]
[1.04619013 1.07257686 1.         1.04676162 1.02065544 1.00068166
 0.97147654 0.17277903 1.02330148 1.07213732]
[0.9994592  1.0246711  1.04676162 1.         1.02169624 0.16849387
 0.31640889 1.00575191 0.97746263 1.02424191]
[1.02114395 1.04689999 1.02065544 1.02169624 1.         0.97708834
 0.94734426 0.98101585 1.00314868 1.04643148]
[0.95202252 0.97529369 1.00068166 0.95145755 0.97708834 1.
 0.87021099 1.00074282 1.0227361  0.98042366]
[0.92140972 0.94236087 0.97147654 0.9217817  0.94734426 0.87021099
 1.         0.91751571 0.88688985 0.94826388]
[1.00089604 1.02588978 0.95714968 1.00575191 0.98101585 1.00074282
 0.91751571 1.         1.02332415 1.02614013]
[0.9785049  0.94997383 1.02330148 0.97746263 1.00314868 1.0227361
 0.88688985 1.02332415 1.         0.95440838]
[1.02425947 0.99447871 1.07213732 1.02424191 1.04643148 0.98042366
 0.94826388 1.02614013 0.95440838 1.        ]
[1.         0.44269103 0.43897911 0.65250345 0.65468444 0.63517067
 0.55761221 0.99977976 0.45840292 0.84796357]
[0.29953309 1.         0.99923253 0.7384715  0.73614356 0.9330401
 0.42595211 0.29990647 0.77445775 0.48118223]
[0.30334645 0.99923253 1.         0.73296282 0.73059953 0.93340367
 0.42889163 0.30377588 0.76873633 0.4769293 ]
[0.65250345 0.7384715  0.73296282 1.         0.99830141 0.8342398
 0.45740582 0.65169474 0.93369154 0.80822   ]
[0.65468444 0.73614356 0.73059953 0.99830141 1.         0.83293036
 0.45957789 0.65387758 0.93494473 0.80743318]
[0.63517067 0.9330401  0.93340367 0.8342398  0.83293036 1.
 0.46496715 0.63468593 0.72984563 0.6405324 ]
[0.36033737 0.33923078 0.34407179 0.25445737 0.25157927 0.2886542
 1.         0.36109728 0.28551665 0.49876244]
[0.99977976 0.44212614 0.4385674  0.65169474 0.65387758 0.63468593
 0.55700888 1.         0.45782329 0.84730174]
[0.25693072 0.77445775 0.76873633 0.93369154 0.93494473 0.72984563
 0.40641473 0.25310204 1.         0.67251292]
[0.19700746 0.48118223 0.4769293  0.80822    0.80743318 0.6405324
 0.55631711 0.19347831 0.67251292 1.        ]
[1.         0.02688802 0.02302981 0.02703722 1.04701892 0.02967067
 1.04663676 1.01948297 1.08218468 1.03410321]
[1.01596983 1.         1.02051301 1.01992339 1.022204   0.99470722
 1.02117261 0.99538219 1.05063729 1.06578151]
[0.98963191 1.02051301 1.         0.02315572 1.05214923 1.02102882
 1.0470706  1.02001909 1.07539356 1.03064387]
[0.98804333 1.01992339 0.98965565 1.         1.04756167 1.01846402
 1.04783436 1.01635883 1.07798578 1.04378365]
[1.04701892 1.022204   1.05214923 1.04756167 1.         1.02112565
 0.99428224 1.02093169 1.02301722 1.08838853]
[1.01429148 0.99470722 1.02102882 1.01846402 1.02112565 1.
 1.0261272  0.99117636 1.04872188 1.06856603]
[1.04663676 1.02117261 1.0470706  1.04783436 0.99428224 1.0261272
 1.         1.0213225  1.02264726 1.09422632]
[1.01948297 0.02718369 1.02001909 0.02520476 1.02093169 0.02685499
 1.0213225  1.         1.04976753 1.05261474]
[1.08218468 1.05063729 1.07539356 1.07798578 1.02301722 1.04872188
 1.02264726 1.04976753 1.         1.11722869]
[1.03410321 1.06578151 1.03064387 1.04378365 1.08838853 1.06856603
 1.09422632 1.05261474 1.11722869 1.        ]
[1.         0.92751703 0.96573258 1.00265102 0.83904448 0.62734282
 0.92702082 0.98483571 0.52033818 0.93517001]
[0.92751703 1.         0.88619827 0.92594519 0.90426801 0.66729517
 0.9989942  0.90555165 0.60106576 1.09067834]
[0.96573258 0.27944069 1.         0.99491225 0.78308904 0.67008734
 0.92596133 0.97420072 0.5446387  1.01949724]
[1.00265102 0.31865654 0.99491225 1.         0.86244751 0.71108675
 0.27152612 1.02147463 0.55783345 1.12154259]
[0.25794573 0.27747899 0.2369834  0.86244751 1.         0.80250621
 0.26725551 0.84840998 0.64106639 1.21859433]
[0.33767146 0.36249729 0.63054548 0.71108675 0.80250621 1.
 0.7499708  0.57475306 0.52867577 0.91717786]
[0.92702082 0.9989942  0.92596133 0.88665183 0.91347558 0.7499708
 1.         0.86684698 0.63193034 1.14960545]
[0.98483571 0.31808744 0.97420072 1.02147463 0.84840998 0.68961544
 0.26169251 1.         0.55287986 1.09921086]
[0.5929214  0.7200102  0.53560297 0.59049899 0.64106639 0.3557782
 0.64553881 0.59314077 1.         0.54463772]
[0.27259525 0.34092505 0.27586305 1.12154259 1.21859433 0.42572267
 0.34647133 1.09921086 0.52793865 1.        ]
[1.         0.6726258  0.24659499 0.43617368 0.26064664 0.79358618
 0.43914453 0.26286725 0.49525463 0.24896095]
[0.6726258  1.         0.21171075 0.28346845 0.49473489 0.57002561
 0.51644661 0.53364243 0.39560007 0.37772971]
[0.47326513 0.53930037 1.         0.63605891 0.51969973 0.49989507
 0.58169432 0.51597062 0.52285943 0.54893471]
[0.43617368 0.24882396 0.2361775  1.         0.4099713  0.34202519
 0.50066358 0.43799068 0.3287845  0.85823692]
[0.46525498 0.49473489 0.34458043 0.52928648 1.         0.4841549
 0.40836201 0.47912628 0.68860301 0.54980801]
[0.79358618 0.52282893 0.44133631 0.31651137 0.33069682 1.
 0.49875075 0.84007807 0.54466152 0.44369957]
[0.64199852 0.51644661 0.24257721 0.50066358 0.40836201 0.48845723
 1.         0.64298988 0.54268229 0.52856609]
[0.98541435 0.66622954 0.24159582 0.43799068 0.35882024 0.84007807
 0.64298988 1.         0.4891167  0.49680819]
[0.42262534 0.41266515 0.37349057 0.29022368 0.18514755 0.26686042
 0.49409999 0.28854338 1.         0.27913464]
[0.48485627 0.37772971 0.15670778 0.85823692 0.54980801 0.45725523
 0.52856609 0.49680819 0.34628275 1.        ]
[1.         1.02539509 0.97773718 0.97559288 0.93519998 0.93645587
 0.98697227 0.98641796 1.02417641 1.02888483]
[1.02539509 1.         1.00315648 0.9994393  0.96080567 0.95825274
 1.01103078 1.01035033 1.05112733 1.00240303]
[0.97773718 1.00315648 1.         0.97726158 0.93545365 0.93705368
 0.98420456 0.98709739 1.00098048 1.02817652]
[0.97559288 0.9994393  0.97726158 1.         0.93862561 0.95895158
 1.00911    1.00958939 0.99825197 1.05373502]
[0.93519998 0.96080567 0.93545365 0.93862561 1.         0.98033778
 0.96250199 0.9617253  0.91019904 1.01856766]
[0.93645587 0.95825274 0.93705368 0.95895158 0.98033778 1.
 0.98238221 0.98227043 0.90855958 1.03903814]
[0.98697227 1.01103078 0.98420456 1.00911    0.96250199 0.98238221
 1.         0.99981455 0.95775447 1.07796724]
[0.98641796 1.01035033 0.98709739 1.00958939 0.9617253  0.98227043
 0.99981455 1.         0.95700468 1.07798831]
[1.02417641 1.05112733 1.00098048 0.99825197 0.29499432 0.30529833
 0.1288152  0.12817159 1.         1.05367131]
[1.02888483 1.00240303 1.02817652 1.05373502 1.01856766 1.03903814
 1.07796724 1.07798831 1.05367131 1.        ]
[1.         1.01879263 1.10277185 1.12836944 1.05063762 1.06822407
 1.04608685 1.07088566 1.05507604 1.08091291]
[1.01879263 1.         0.9905831  1.01339624 0.95398312 0.95340325
 1.01929453 0.93545188 0.93738009 0.9552651 ]
[1.10277185 0.9905831  1.         1.01711236 1.04435276 1.0070263
 0.96901051 0.26648936 1.04379796 0.11153498]
[1.12836944 1.01339624 1.01711236 1.         1.06858128 1.03426133
 0.99231704 0.27591919 1.06912659 0.11670191]
[1.05063762 0.26658885 1.04435276 1.06858128 1.         0.11792323
 0.26689453 0.2777754  0.02643647 0.10916199]
[1.06822407 0.95340325 1.0070263  1.03426133 1.00348693 1.
 0.93332554 0.9556801  1.01664661 0.10867108]
[1.04608685 1.01929453 0.96901051 0.99231704 0.98608549 0.93332554
 1.         0.91760212 0.96939525 0.10905262]
[1.07088566 0.93545188 0.94261826 0.96392809 1.01428785 0.9556801
 0.91760212 1.         1.01381493 1.0046432 ]
[1.05507604 0.268155   1.04379796 1.06912659 0.99047055 1.01664661
 0.96939525 1.01381493 1.         0.11097115]
[1.08091291 0.9552651  1.00281523 1.02656237 1.0098524  0.97229659
 0.93053018 1.0046432  1.01880778 1.        ]
[1.         1.09138005 0.98420134 0.99825029 1.05992377 1.06450032
 1.01017166 1.01034118 1.03856296 0.99875057]
[1.09138005 1.         1.09010646 1.06601052 1.02689754 1.02684187
 1.07902896 1.07893973 1.05314444 1.0651088 ]
[0.09746927 1.09010646 1.         1.00208321 1.06246856 1.06433933
 1.01154134 1.01183283 1.03578925 1.00169839]
[0.10123736 1.06601052 1.00208321 1.         1.03842923 1.03845201
 0.98900273 0.98886954 1.01258844 0.97643432]
[0.10564861 1.02689754 1.06246856 1.03842923 1.         0.01036196
 1.05062363 1.05057352 0.01012149 1.03766661]
[1.06450032 1.02684187 1.06433933 1.03845201 0.9963927  1.
 1.05058916 1.05051677 1.025426   1.03763891]
[0.09740019 1.07902896 1.01154134 0.98900273 1.05062363 1.05058916
 1.         0.99975011 1.02442475 0.98855255]
[0.09818955 1.07893973 1.01183283 0.98886954 1.05057352 1.05051677
 0.99975011 1.         1.02414354 0.99059118]
[1.03856296 1.05314444 1.03578925 1.01258844 1.02206585 1.025426
 1.02442475 1.02414354 1.         1.01202382]
[0.10047289 1.0651088  1.00169839 0.97643432 1.03766661 1.03763891
 0.98855255 0.99059118 1.01202382 1.        ]
[1.         0.65866041 0.30906956 0.95139114 1.00471962 0.89818
 0.70102662 0.33075853 0.66061216 0.92512263]
[0.65866041 1.         0.41370474 0.63940919 0.6362065  0.53865716
 0.79574    0.73771415 0.81454008 0.58395284]
[0.92811225 0.7679822  1.         0.88101236 0.92769584 0.81272422
 0.64911892 0.99980838 0.6103767  0.81565595]
[0.02339126 0.33405929 0.08262071 1.         0.44103551 0.28918808
 0.63141986 0.3033229  0.45667522 0.13956861]
[0.02017052 0.6362065  0.34835099 0.97590735 1.         0.35049331
 0.76916254 0.34925538 0.63422314 0.4280086 ]
[0.89818    0.6832464  0.40335687 0.81517828 0.86857389 1.
 0.50416619 0.38441007 0.53754109 0.28802718]
[0.52960438 0.79574    0.31853139 0.63141986 0.76916254 0.45989257
 1.         0.48537813 0.94795367 0.50090285]
[0.92614036 0.73771415 0.27537817 0.87351444 0.92148892 0.82519392
 0.59215489 1.         0.61613844 0.77300397]
[0.66061216 0.81454008 0.41304722 0.63956647 0.63422314 0.53754109
 0.94795367 0.61613844 1.         0.58340538]
[0.92512263 0.58395284 0.26235521 0.87197827 0.8881246  0.90746029
 0.56253908 0.2796345  0.58340538 1.        ]
[1.         0.85818768 0.84062593 0.99942696 0.94381662 0.95232621
 0.90730962 1.02517482 0.71227199 0.92775023]
[0.85818768 1.         0.99926135 0.85798874 0.76068111 0.82173206
 0.6915341  0.80095615 0.62695985 0.80064752]
[0.84062593 0.99926135 1.         0.84046496 0.74771993 0.79882047
 0.6823919  0.78231268 0.63778272 0.77867001]
[0.99942696 0.85798874 0.84046496 1.         0.94218324 0.95009477
 0.90506743 1.02516173 0.71048741 0.92599292]
[0.94381662 0.76068111 0.74771993 0.94218324 1.         0.87811085
 0.87827659 0.91663992 0.59869849 0.8615079 ]
[0.95232621 0.82173206 0.79882047 0.95009477 0.87811085 1.
 0.85458016 0.97629212 0.66505607 1.02526933]
[0.90730962 0.6915341  0.6823919  0.90506743 0.87827659 0.85458016
 1.         0.88355208 0.78266671 0.84198615]
[1.02517482 0.80095615 0.78231268 1.02516173 0.91663992 0.97629212
 0.88355208 1.         0.69359551 0.95140258]
[0.71227199 0.62695985 0.63778272 0.71048741 0.59869849 0.66505607
 0.78266671 0.69359551 1.         0.65514396]
[0.92775023 0.80064752 0.77867001 0.92599292 0.8615079  1.02526933
 0.84198615 0.95140258 0.65514396 1.        ]
[1.         0.74008127 0.8522666  0.45146845 0.40083495 0.492622
 0.68894054 0.84206539 1.02849194 0.49006122]
[0.74008127 1.         0.37253064 0.38113384 0.33721988 0.45900825
 0.25543715 0.3853372  0.42628056 0.39098585]
[0.8522666  0.60643773 1.         0.46407091 0.26453807 0.67452989
 0.50595363 1.00504901 0.83606259 0.46361232]
[0.55262596 0.491284   0.46407091 1.         0.49265472 0.83664751
 0.78527199 0.47203565 0.55968432 0.9909567 ]
[0.59055284 0.47557224 0.55088207 0.49265472 1.         0.52160835
 0.5498926  0.52616651 0.5524491  0.51742808]
[0.54382795 0.45900825 0.67452989 0.83664751 0.52160835 1.
 0.83662494 0.23566699 0.55094895 0.8354671 ]
[0.68894054 0.49037094 0.50595363 0.78527199 0.5498926  0.83662494
 1.         0.5054776  0.68289358 0.78486688]
[0.84206539 0.70677964 1.00504901 0.47203565 0.2555945  0.64698733
 0.5054776  1.         0.82557379 0.46161501]
[1.02849194 0.7070733  0.83606259 0.46174927 0.41162548 0.4818926
 0.68289358 0.82557379 1.         0.46141253]
[0.55256918 0.44619054 0.46361232 0.9909567  0.51742808 0.8354671
 0.78486688 0.46161501 0.5591582  1.        ]
[1.         0.67479686 0.71917729 1.00299111 0.85295692 0.83587506
 0.85001403 0.83042783 0.99796027 0.83426505]
[0.67479686 1.         0.6016524  0.64332209 0.66852132 0.83286489
 0.81158075 0.85393734 0.69223716 0.84883029]
[0.31587416 0.24407644 1.         0.31835321 0.89929091 0.72204011
 0.19524854 0.75217728 0.32712696 0.74258445]
[1.00299111 0.64332209 0.74102888 1.         0.86780006 0.81407981
 0.81983429 0.8296992  1.00228361 0.82542213]
[0.85295692 0.13513725 0.89929091 0.86780006 1.         0.84984452
 0.36740353 0.89246203 0.86283825 0.89192199]
[0.339901   0.83286489 0.72204011 0.81407981 0.84984452 1.
 1.01168899 0.9812181  0.31800551 0.98594217]
[0.85001403 0.81158075 0.75387083 0.81983429 0.84729483 1.01168899
 1.         1.02337702 0.8568707  1.0238863 ]
[0.36389504 0.85393734 0.75217728 0.8296992  0.89246203 0.9812181
 1.02337702 1.         0.34082785 0.9898398 ]
[0.99796027 0.69223716 0.71109638 1.00228361 0.86283825 0.84303879
 0.8568707  0.83842346 1.         0.84298932]
[0.35880221 0.84883029 0.74258445 0.82542213 0.89192199 0.98594217
 1.0238863  0.9898398  0.33619205 1.        ]
[1.         0.64918969 0.52203891 0.44863339 0.80621262 0.40311245
 0.4642427  0.56861982 0.64791896 0.75737156]
[0.64918969 1.         0.34337819 0.90798114 0.80994597 0.80988945
 0.83973135 0.56384662 0.99913192 0.73896681]
[0.37648516 0.41243367 1.         0.34313424 0.54547162 0.30207033
 0.28499604 0.65601698 0.41194432 0.52599125]
[0.44863339 0.90798114 0.34313424 1.         0.69137314 0.51287823
 0.9135354  0.43736308 0.90681749 0.60328669]
[0.80621262 0.44162179 0.54547162 0.69137314 1.         0.60947205
 0.29735774 0.75903205 0.42921733 0.93234596]
[0.40311245 0.80988945 0.42306547 0.9060363  0.60947205 1.
 0.81563539 0.48447484 0.80831295 0.68289227]
[0.4642427  0.83973135 0.32557721 0.9135354  0.65103846 0.81563539
 1.         0.40994196 0.83932849 0.58387677]
[0.56861982 0.56384662 0.4883884  0.50311469 0.75903205 0.48447484
 0.53695836 1.         0.56155217 0.7981988 ]
[0.64791896 0.99913192 0.3666669  0.90681749 0.80869124 0.80831295
 0.83932849 0.56155217 1.         0.73812381]
[0.75737156 0.73896681 0.52599125 0.60328669 0.93234596 0.68289227
 0.58387677 0.7981988  0.73812381 1.        ]
[1.         0.59085547 0.89366224 0.61560336 0.64367862 0.62803922
 0.52411532 0.64538139 0.86851341 0.63586901]
[0.52454987 1.         0.67244512 0.97535341 0.57768611 0.98115265
 0.56023927 0.92863456 0.55888008 0.92610464]
[0.89366224 0.67244512 1.         0.65901745 0.63297499 0.70914196
 0.62400803 0.72646558 0.91983004 0.71833712]
[0.44377038 0.31978304 0.53143696 1.         0.46945916 0.99735779
 0.45894086 1.05465439 0.45646473 0.33090867]
[0.64367862 0.38727008 0.63297499 0.46945916 1.         0.3550565
 0.84703777 0.36714545 0.67661724 0.38096907]
[0.5490588  0.98115265 0.70914196 0.99735779 0.55021854 1.
 0.57016017 0.9404469  0.53765914 0.9587583 ]
[0.52411532 0.37389019 0.62400803 0.45894086 0.84703777 0.34140263
 1.         0.35381053 0.66714587 0.37693507]
[0.41205087 0.92863456 0.72646558 1.05465439 0.4134321  0.9404469
 0.44380612 1.         0.40100211 1.01566328]
[0.86851341 0.62387027 0.91983004 0.64915748 0.67661724 0.63023345
 0.66714587 0.64855404 1.         0.67460186]
[0.40774754 0.92610464 0.71833712 1.03354075 0.43157336 0.9587583
 0.46042158 1.01566328 0.41339981 1.        ]
[1.         0.94785048 0.62424333 0.62415572 0.94779391 0.62582456
 0.80583583 0.79683964 0.62462743 0.94784365]
[0.94785048 1.         0.59705156 0.48120089 0.99994583 0.48114774
 0.80650047 0.84957372 0.48119245 0.99999233]
[0.62297163 0.59705156 1.         0.94708428 0.59697326 0.94715789
 0.5238329  0.43641185 0.94723609 0.5970447 ]
[0.45356158 0.48120089 0.94708428 1.         0.48122085 0.99983616
 0.52362181 0.40615833 0.99983869 0.48120704]
[0.94779391 0.99994583 0.59697326 0.48122085 1.         0.48112486
 0.8072925  0.84957519 0.48111358 0.99994127]
[0.45352327 0.48114774 0.94715789 0.99983616 0.48112486 1.
 0.52359707 0.40616476 0.99992009 0.48115147]
[0.64848978 0.64911348 0.49884169 0.47207169 0.64918959 0.47179799
 1.         0.50770969 0.47198666 0.6491725 ]
[0.79683964 0.84957372 0.43641185 0.38719469 0.84957519 0.38594674
 0.80727715 1.         0.3872392  0.84953453]
[0.4535637  0.48119245 0.94723609 0.99983869 0.48111358 0.99992009
 0.5235727  0.4061505  1.         0.481184  ]
[0.94784365 0.99999233 0.5970447  0.48120704 0.99994127 0.48115147
 0.80653778 0.84953453 0.481184   1.        ]
[1.         1.04787029 1.0134633  1.02309164 1.01346628 1.01339551
 0.07977624 1.04787314 1.02310946 1.04787531]
[1.04787029 1.         1.0147705  1.02422138 1.01477502 1.0147113
 1.03797497 0.99998323 1.02419842 0.99997844]
[1.0134633  1.0147705  1.         0.99056318 0.99999691 0.99997385
 1.0136148  1.0146771  0.99070864 1.01478722]
[1.02309164 1.02422138 0.99056318 1.         0.99056778 0.99049028
 1.01345537 1.02420071 0.99997535 1.02420046]
[1.01346628 1.01477502 0.99999691 0.99056778 1.         0.99996837
 1.01347341 1.01468126 0.99071273 1.014792  ]
[1.01339551 1.0147113  0.99997385 0.99049028 0.99996837 1.
 1.01352789 1.01463309 0.99063658 1.0147072 ]
[0.98765742 1.03797497 1.0136148  1.01345537 1.01347341 1.01352789
 1.         1.03782733 1.01330074 1.03793968]
[1.04787314 0.99998323 1.0146771  1.02420071 1.01468126 1.01463309
 1.03782733 1.         1.02419951 0.99997997]
[1.02310946 1.02419842 0.99070864 0.99997535 0.99071273 0.99063658
 1.01330074 1.02419951 1.         1.02419776]
[1.04787531 0.99997844 1.01478722 1.02420046 1.014792   1.0147072
 1.03793968 0.99997997 1.02419776 1.        ]
[1.         1.07128889 0.92112451 0.97482122 0.45568667 0.10775752
 0.8110858  0.15831271 0.42880048 0.74527047]
[1.07128889 1.         0.86631448 1.04438727 0.55656495 1.05130198
 0.7793385  1.04525625 0.46444009 0.68885202]
[0.92112451 0.86631448 1.         0.92234806 0.68506918 0.9250702
 0.75183131 0.83720221 0.67811049 0.52455788]
[0.97482122 1.04438727 0.92234806 1.         0.46001311 0.11049462
 0.73330741 0.04249731 0.53722141 0.73700551]
[0.49227831 0.55656495 0.68506918 0.48058092 1.         0.42450782
 0.57917575 0.49894173 0.7412809  0.68855373]
[0.97650303 1.05130198 0.9250702  0.99481414 0.45054366 1.
 0.74710279 0.9813152  0.51171382 0.79059151]
[0.68363651 0.66331206 0.75183131 0.73330741 0.57917575 0.65164534
 1.         0.6857587  0.37954311 0.53835535]
[0.97082724 1.04525625 0.83720221 0.97051999 0.49375003 0.9813152
 0.70511561 1.         0.48609903 0.72953083]
[0.47454906 0.53768097 0.67811049 0.46977224 0.7412809  0.43207955
 0.55192208 0.48221579 1.         0.66785629]
[0.74527047 0.63972661 0.52455788 0.73700551 0.67699493 0.79059151
 0.53835535 0.6729903  0.39029648 1.        ]
[1.         0.81074345 0.78730604 0.53735784 0.81907567 0.76671603
 0.61014196 0.8137917  0.87004202 0.87986368]
[0.03765592 1.         0.49492958 0.47086854 0.53232942 0.39847763
 0.54527    0.36828956 0.47073819 0.7515983 ]
[0.78730604 0.66288739 1.         0.44377665 0.67448095 0.57350149
 0.4837865  0.67252519 0.68854104 0.7270778 ]
[0.83932242 0.67523686 0.65963552 1.         0.69223579 0.64425474
 0.48941327 0.68047261 1.01916414 0.74662033]
[0.81907567 0.68940759 0.67448095 0.69223579 1.         0.95642796
 0.47408646 0.59619616 0.71434299 0.68786817]
[0.76671603 0.62909035 0.57350149 0.44193742 0.95642796 1.
 0.47210041 0.73963028 0.66964929 0.68182084]
[0.55211949 0.72091962 0.45404688 0.33491199 0.37542494 0.40526248
 1.         0.62491662 0.47554562 0.44873073]
[0.8137917  0.92609351 0.67252519 0.46918839 0.59619616 0.73963028
 0.62491662 1.         0.71149055 0.6867046 ]
[0.87004202 0.70300487 0.68854104 1.01916414 0.71434299 0.66964929
 0.51935033 0.71149055 1.         0.76748964]
[0.87986368 0.7515983  0.7270778  0.74662033 0.68786817 0.68182084
 0.50336514 0.6867046  0.76748964 1.        ]
[1.         0.65746905 0.41830903 0.67159518 0.51599351 0.48496226
 0.45997622 0.35879417 0.45693679 0.53503988]
[0.65746905 1.         0.32398809 0.51207977 0.6039538  0.37308141
 0.63306118 0.44558812 0.31209819 0.67117984]
[0.41613648 0.40317524 1.         0.58315058 0.52461392 0.56022785
 0.33678761 0.66171048 0.80659842 0.36890872]
[0.67159518 0.51207977 0.58315058 1.         0.52387914 0.53000899
 0.56754679 0.62681566 0.58407114 0.75927386]
[0.5418469  0.6039538  0.52461392 0.59384803 1.         0.57613737
 0.67964014 0.55691372 0.51989867 0.68295994]
[0.63738793 0.63293929 0.56022785 0.52185544 0.57613737 1.
 0.87910416 0.40932353 0.75683226 0.68167813]
[0.40871872 0.63306118 0.48218609 0.56754679 0.67964014 0.87910416
 1.         0.42701064 0.53220191 0.81351447]
[0.36602079 0.45617807 0.66171048 0.62681566 0.43350791 0.40932353
 0.42701064 1.         0.66275878 0.42752894]
[0.41013383 0.40441811 0.80659842 0.58407114 0.32723386 0.75683226
 0.53220191 0.66275878 1.         0.34069387]
[0.53503988 0.67117984 0.49036771 0.75927386 0.68295994 0.68167813
 0.81351447 0.42752894 0.48798915 1.        ]
[1.         0.64743213 0.63168637 0.6079485  0.63022938 0.56059352
 0.61911337 0.580666   0.6556796  0.64769558]
[0.64743213 1.         0.67587862 0.73847685 0.6792273  0.64888416
 0.63268001 0.71310354 1.01462721 0.90720186]
[0.63168637 0.41308093 1.         0.66095023 0.34108123 0.50769862
 0.6891808  1.07546788 0.38774734 0.64953323]
[0.6079485  0.42737271 0.66095023 1.         0.49336064 0.52459769
 0.77276242 0.68226295 0.75884494 0.75112897]
[0.63022938 0.6792273  0.63180278 0.49336064 1.         0.52431774
 0.40411586 0.70139168 0.66921009 0.59796291]
[0.56059352 0.22045579 0.50769862 0.52459769 0.52431774 1.
 0.66024179 0.53621611 0.53854546 0.5391744 ]
[0.61911337 0.26304392 0.63692139 0.77276242 0.35866171 0.66024179
 1.         0.67165619 0.24961661 0.64658557]
[0.580666   0.71310354 1.07546788 0.68226295 0.70139168 0.53621611
 0.67757642 1.         0.72095784 0.67288881]
[0.6556796  1.01462721 0.66710436 0.75884494 0.66921009 0.66795374
 0.6214873  0.72095784 1.         0.93411162]
[0.64769558 0.29033943 0.64953323 0.75112897 0.59796291 0.61857356
 0.64658557 0.67288881 0.93411162 1.        ]
[1.         0.81131919 0.40130931 0.44980938 0.55326131 0.60589431
 0.54453134 0.39774692 0.64681904 0.55378766]
[0.81131919 1.         0.46603781 0.39442873 0.4429251  0.53669053
 0.54849356 0.49822987 0.44943666 0.54925461]
[0.44230154 0.46603781 1.         0.88848499 0.83970223 0.60320966
 0.8567684  0.85725841 0.42900447 0.85718279]
[0.5912212  0.58807468 0.88848499 1.         0.72620586 0.50855162
 0.9350875  0.93534178 0.51536682 0.93541418]
[0.55326131 0.4429251  0.83970223 0.72620586 1.         0.76215511
 0.88756781 0.72418149 0.42859765 0.88777615]
[0.60589431 0.53669053 0.60320966 0.48650456 0.76215511 1.
 0.64467128 0.48325501 0.28514991 0.64557053]
[0.54453134 0.54849356 0.8567684  0.9350875  0.88756781 0.64467128
 1.         0.83799719 0.76804783 0.99970121]
[0.56211964 0.54555658 0.85725841 0.93534178 0.72418149 0.48325501
 0.83799719 1.         0.60635188 0.83824878]
[0.64681904 0.58275291 0.59615627 0.66969527 0.62480562 0.86426925
 0.76804783 0.60635188 1.         0.76867321]
[0.55378766 0.54925461 0.85718279 0.93541418 0.88777615 0.64557053
 0.99970121 0.83824878 0.76867321 1.        ]
[1.         0.81622283 0.53952315 0.12699567 0.9748485  0.78629664
 0.8089222  0.80698183 0.53289236 0.90858685]
[0.81622283 1.         0.73019257 0.18333144 0.75734084 0.79763727
 0.86192371 0.86506588 0.41950109 0.8191368 ]
[0.49820342 0.73019257 1.         0.57586166 0.58647069 0.55892864
 0.81023239 0.81359076 0.63382355 0.65719079]
[0.76582905 0.79119962 0.80234951 1.         0.82974015 1.0126906
 0.84857661 0.84866559 0.78111423 0.87020635]
[0.44411279 0.75734084 0.58647069 0.13419458 1.         0.8583063
 0.79929103 0.79703345 0.35436743 0.88416849]
[0.78629664 0.79763727 0.83004622 0.06965566 0.8583063  1.
 0.87737035 0.90334156 0.80582316 0.91351805]
[0.3081574  0.86192371 0.81023239 0.16266952 0.79929103 0.87737035
 1.         0.92154056 0.4218921  0.88636144]
[0.30892147 0.86506588 0.81359076 0.16352986 0.79703345 0.90334156
 0.92154056 1.         0.42335412 0.96605938]
[0.53289236 0.40826802 0.63382355 0.78111423 0.58606265 0.80582316
 0.48031523 0.61149143 1.         0.66673617]
[0.90858685 0.8191368  0.65719079 0.87020635 0.88416849 0.91351805
 0.88636144 0.96605938 0.32054028 1.        ]
[1.         0.99990196 0.90353864 0.42777766 0.56634646 0.42769198
 0.42760724 0.66409338 0.42764525 0.55090001]
[0.99990196 1.         0.90358888 0.42762154 0.56644919 0.42771258
 0.42768628 0.66423091 0.42765798 0.55092069]
[0.90353864 0.90358888 1.         0.56623738 0.66084198 0.56632933
 0.56598204 0.57492535 0.56603357 0.39647382]
[0.54778669 0.5479872  0.63731803 1.         1.03292357 0.99990836
 0.99965262 0.91801942 0.99958033 0.60670445]
[0.56634646 0.56644919 0.66084198 1.03292357 1.         1.03303652
 1.03269311 0.94606195 1.03280945 0.61291102]
[0.54792281 0.54803243 0.63736869 0.99990836 1.03303652 1.
 0.99971453 0.91801059 0.99966868 0.60663709]
[0.54782759 0.54788758 0.63729403 0.99965262 1.03269311 0.99971453
 1.         0.9179651  0.99972746 0.60751276]
[0.66409338 0.66423091 0.57492535 0.91801942 0.94606195 0.91801059
 0.9179651  1.         0.91793246 0.51047313]
[0.5478694  0.54789944 0.63734074 0.99958033 1.03280945 0.99966868
 0.99972746 0.91793246 1.         0.60753106]
[0.55090001 0.55092069 0.39647382 0.60670445 0.61291102 0.60663709
 0.60751276 0.51047313 0.60753106 1.        ]
[1.         0.23953156 0.46849879 0.80862144 0.07196354 0.5217272
 0.86503564 0.26406711 0.43478079 1.02555528]
[0.91350482 1.         0.97518622 0.87251469 0.99388013 0.78816209
 0.7223457  0.96722757 0.98211193 0.94031988]
[0.80817089 0.97518622 1.         0.67433164 0.8839392  0.72365521
 0.63599767 0.97658895 0.99928858 0.83177126]
[0.16446522 0.09236319 0.08894662 1.         0.03342175 0.33320678
 0.39941591 0.16500303 0.08387672 0.16228232]
[0.97699702 0.99388013 0.8839392  0.78993905 1.         0.97110044
 0.83808575 0.99223993 0.90404027 0.9517948 ]
[0.84860284 0.78816209 0.72365521 0.70437796 0.97110044 1.
 0.6783637  0.77762285 0.74211194 0.87444717]
[0.86503564 0.1857938  0.34442631 0.66527639 0.0513673  0.42188664
 1.         0.2955715  0.31605676 0.88108136]
[0.91409171 0.96722757 0.97658895 0.76555688 0.99223993 0.77762285
 0.71281537 1.         0.98375693 0.94181519]
[0.82785801 0.98211193 0.99928858 0.68894312 0.90404027 0.74211194
 0.6570616  0.98375693 1.         0.85210645]
[1.02555528 0.32925141 0.55658965 0.77960089 0.06874699 0.53509301
 0.88108136 0.35250272 0.52339796 1.        ]
[1.         1.00963863 0.71437941 0.90403748 0.7436505  0.72409178
 0.7159617  0.69596116 0.858141   0.72142365]
[1.00963863 1.         0.7444196  0.92897357 0.77855334 0.75255478
 0.7464673  0.72618125 0.82719995 0.75329886]
[0.71437941 0.7444196  1.         0.72069797 0.9266281  1.0149828
 0.99988837 0.9930302  0.36830988 1.00625745]
[0.90403748 0.92897357 0.17421146 1.         0.78234335 0.74312166
 0.17902345 0.76300052 0.56502601 0.71425757]
[0.7436505  0.77855334 0.9266281  0.78234335 1.         0.93936347
 0.92715291 0.91709437 0.39515778 0.88235397]
[0.72409178 0.75255478 1.0149828  0.74312166 0.93936347 1.
 1.01464551 0.97663309 0.39029554 1.02305587]
[0.7159617  0.7464673  0.99988837 0.72218587 0.92715291 1.01464551
 1.         0.99328685 0.35986067 1.00643248]
[0.69596116 0.72618125 0.9930302  0.76300052 0.91709437 0.97663309
 0.99328685 1.         0.36912134 1.00246797]
[0.858141   0.82719995 0.46835557 0.58085049 0.46247968 0.47211953
 0.47082048 0.4670833  1.         0.46224993]
[0.72142365 0.75329886 1.00625745 0.71425757 0.88235397 1.02305587
 1.00643248 1.00246797 0.39211856 1.        ]
[1.         0.87283466 0.89679277 0.72447406 0.93812509 0.99688185
 0.91590246 0.91233346 0.99354087 0.92160374]
[0.87283466 1.         0.87367448 0.74507873 0.88068207 0.97330183
 0.84797769 0.8842846  1.15015564 0.93522007]
[0.89679277 0.87367448 1.         0.75307113 0.9395034  0.99838541
 0.91407528 0.91035383 0.99382281 0.92394128]
[0.37607521 0.31288311 0.37529738 1.         0.43742709 0.43370514
 0.21010261 0.16997203 0.63840461 0.17779786]
[0.26962991 0.24426006 0.27376451 0.81748644 1.         0.18233429
 0.26161754 0.23060256 0.57855304 0.23451427]
[0.99688185 0.97330183 0.99838541 0.83219083 1.0121255  1.
 0.97604056 1.00911271 1.16950348 0.94493241]
[0.91590246 0.84797769 0.91407528 0.77613551 0.93239959 0.97604056
 1.         0.89160701 1.01081156 0.90175979]
[0.91233346 0.8842846  0.91035383 0.81256841 0.91938484 1.00911271
 0.89160701 1.         1.06096994 0.90382029]
[0.99354087 1.15015564 0.99382281 0.91206228 1.10467395 1.16950348
 1.01081156 1.06096994 1.         1.2409669 ]
[0.92160374 0.93522007 0.92394128 0.76933958 0.97679746 0.94493241
 0.90175979 0.90382029 1.2409669  1.        ]
[1.         0.4975679  0.59624209 0.50731423 0.70622733 0.63787369
 0.55593248 0.35688034 0.68301561 0.6950933 ]
[0.4975679  1.         0.59198702 0.9295883  0.66180415 0.96516639
 0.51506922 0.6741175  0.5429775  0.61102581]
[0.59624209 0.59198702 1.         0.66847291 0.91921965 0.50148759
 0.63042351 0.58434322 0.36193597 0.96736593]
[0.46446087 0.9295883  0.66847291 1.         0.68085122 0.84230056
 0.40047739 0.61627471 0.49616448 0.69104506]
[0.70622733 0.66180415 0.91921965 0.68085122 1.         0.60206484
 0.68100204 0.53206162 0.35825426 0.90475834]
[0.63787369 0.96516639 0.50148759 0.84230056 0.60206484 1.
 0.31200474 0.62762846 0.53358675 0.55227297]
[0.42913274 0.51506922 0.63042351 0.59410013 0.68100204 0.4933716
